00000000010100000000001010010011
00000000000100000000000100010011
00000000000100000000000110010011
00000010010100011000001001100011
00000000000000000000001000010011
00000000000000000000001100010011
00000000001000100000001000110011
00000000000100110000001100010011
11111110001100110100110011100011
00000000010000000000000100110011
00000000000100011000000110010011
11111110000111111111000001101111
00000000000000000000001000010011
00000000000000000000001100010011
00000000001000100000001000110011
00000000000100110000001100010011
11111110010100110100110011100011
00000000010000000000000100110011
00000000010000000000000001101111
00000000000000000000000000110011